##FastQC	0.12.1
>>Basic Statistics	pass
#Measure	Value
Filename	ERR550643_1.fastq.gz
File type	Conventional base calls
Encoding	Sanger / Illumina 1.9
Total Sequences	503810
Total Bases	118.6 Mbp
Sequences flagged as poor quality	0
Sequence length	35-251
%GC	66
>>END_MODULE
>>Per base sequence quality	fail
#Base	Mean	Median	Lower Quartile	Upper Quartile	10th Percentile	90th Percentile
1	29.278090946983983	30.0	30.0	30.0	27.0	30.0
2	29.383070998987712	30.0	30.0	30.0	28.0	32.0
3	29.69065322244497	30.0	30.0	30.0	28.0	32.0
4	29.69135586828368	30.0	30.0	30.0	28.0	32.0
5	29.396419285047934	30.0	30.0	30.0	28.0	32.0
6	30.543049959310057	32.0	30.0	33.0	27.0	33.0
7	30.883577142176613	32.0	30.0	33.0	28.0	33.0
8	30.97748556003255	32.0	30.0	33.0	28.0	33.0
9	33.56893471745301	35.0	33.0	35.0	31.0	35.0
10-14	33.70053512236756	35.0	33.0	35.0	31.0	35.0
15-19	35.21980468827534	36.2	34.8	36.8	32.8	36.8
20-24	36.67571187550862	37.8	36.4	38.4	34.0	38.8
25-29	37.061446577082634	39.0	36.6	39.0	33.6	40.0
30-34	36.663731962446164	39.0	36.0	39.0	32.2	40.0
35-39	36.468696619415866	39.0	36.0	39.0	32.0	40.0
40-44	36.29861514078376	39.0	36.0	39.0	31.4	40.0
45-49	36.00846561111339	39.0	36.0	39.0	30.4	40.0
50-54	35.64647733425909	38.6	35.0	39.0	29.2	39.4
55-59	35.11011324535822	37.6	35.0	39.0	27.6	39.0
60-64	34.41166272909114	37.0	34.0	39.0	25.4	39.0
65-69	33.64252059565665	36.2	33.2	38.6	22.8	39.0
70-74	32.843033939437944	36.0	31.6	38.0	19.8	39.0
75-79	32.00284019968185	36.0	30.2	38.0	18.2	38.6
80-84	31.128207420046188	35.0	28.4	37.2	15.6	38.0
85-89	30.279110146942134	34.2	26.0	36.4	14.0	38.0
90-94	29.43955689626918	34.0	25.4	36.0	13.0	38.0
95-99	28.618646376798303	32.4	23.0	36.0	11.6	38.0
100-104	27.841783804515075	31.6	23.0	36.0	9.0	38.0
105-109	27.031047417474184	30.0	21.0	36.0	9.0	38.0
110-114	26.257601473276008	30.0	19.0	35.2	8.6	37.4
115-119	25.5241917011855	29.0	17.4	34.4	8.0	36.2
120-124	25.061126694645843	26.8	16.6	34.2	8.0	36.0
125-129	26.01964347483563	30.0	18.2	35.0	8.0	37.8
130-134	25.590244081139957	29.0	17.0	35.0	8.0	37.4
135-139	24.953653528060034	27.4	15.6	34.2	8.0	36.0
140-144	24.34217453987431	26.6	14.8	34.0	7.4	36.0
145-149	23.624480891417598	25.0	13.0	34.0	6.8	36.0
150-154	23.019998351312843	24.6	13.0	34.0	6.0	36.0
155-159	22.324713305328302	23.0	13.0	32.8	6.0	36.0
160-164	21.70974144068146	23.0	11.8	32.0	6.0	36.0
165-169	21.055938562748633	23.0	9.0	30.4	6.0	36.0
170-174	20.366998422134845	20.2	9.0	30.0	6.0	35.0
175-179	22.138321921340506	23.0	13.0	32.4	6.0	36.0
180-184	22.077244110766323	23.0	12.8	32.4	6.0	36.0
185-189	21.502757769377588	23.0	10.2	32.0	6.0	36.0
190-194	20.899370722854858	23.0	9.0	30.4	6.0	36.0
195-199	20.331537695409907	20.2	9.0	30.0	6.0	35.4
200-204	19.74319092278526	19.0	9.0	30.0	6.0	34.6
205-209	19.225925959675223	17.4	9.0	29.8	6.0	34.0
210-214	18.688769794914315	16.6	9.0	28.2	6.0	34.0
215-219	18.152002987246185	15.2	8.4	26.6	6.0	34.0
220-224	17.682679882978782	15.0	8.0	25.2	6.0	34.0
225-229	17.175910639330095	14.2	8.0	25.0	6.0	34.0
230-234	16.643042155559833	13.0	8.0	24.8	6.0	33.2
235-239	16.18190953302036	13.0	8.0	23.2	6.0	32.0
240-244	15.73858562852934	13.0	8.0	23.0	6.0	30.4
245-249	15.2545262228262	13.0	6.8	23.0	6.0	30.0
250-251	14.051141859734072	11.0	6.0	20.0	6.0	28.5
>>END_MODULE
>>Per tile sequence quality	fail
#Tile	Base	Mean
1101	1	-0.06292311331144873
1101	2	0.0845794474611381
1101	3	0.17804338713154166
1101	4	0.37704342976642735
1101	5	-0.09907762782572149
1101	6	0.4679226034438315
1101	7	0.306953336098708
1101	8	0.3519006924374892
1101	9	0.44285502086334816
1101	10-14	0.5306018830421237
1101	15-19	0.556615515146639
1101	20-24	0.6078621200857697
1101	25-29	0.7013376436562311
1101	30-34	0.7166812295935188
1101	35-39	0.6833653410749108
1101	40-44	0.6377190134539745
1101	45-49	0.8404878851607904
1101	50-54	0.7226560958012982
1101	55-59	0.8356619714018763
1101	60-64	0.8146736435857491
1101	65-69	0.8306795391665887
1101	70-74	0.8535610901327715
1101	75-79	0.9014399555880672
1101	80-84	1.040280508736597
1101	85-89	1.1447060165876692
1101	90-94	1.099687637459045
1101	95-99	1.0369019249376272
1101	100-104	0.9710064619724115
1101	105-109	1.1001251433486097
1101	110-114	0.9341654074923795
1101	115-119	0.993173073171576
1101	120-124	1.0694938137839536
1101	125-129	1.0965105459382514
1101	130-134	1.1574500873233262
1101	135-139	1.0855675439413055
1101	140-144	0.8877384283256227
1101	145-149	1.0962314397480029
1101	150-154	1.0310103363744574
1101	155-159	0.8555508940773855
1101	160-164	0.874297888538127
1101	165-169	0.7395931634674184
1101	170-174	0.8354088808369511
1101	175-179	0.9964465344695022
1101	180-184	1.0528368184861172
1101	185-189	1.0593365071302756
1101	190-194	0.964096499245727
1101	195-199	0.919092053718245
1101	200-204	0.7843316177097144
1101	205-209	0.7832552109580284
1101	210-214	0.8908757540462133
1101	215-219	0.688442177693954
1101	220-224	0.8210387147354048
1101	225-229	0.8440218117913219
1101	230-234	0.6756125118563006
1101	235-239	0.5784363290575669
1101	240-244	0.6833885354278841
1101	245-249	0.5043037846239393
1101	250-251	0.7329564191002067
1102	1	0.498953937450036
1102	2	0.41495433117411196
1102	3	0.39733672311290746
1102	4	0.5775626471773165
1102	5	0.5254998666081789
1102	6	0.7958382363160723
1102	7	0.5773958587123182
1102	8	0.4936383032962013
1102	9	0.5838343310377851
1102	10-14	0.4862614383434334
1102	15-19	0.4392868241085566
1102	20-24	0.44088240890521035
1102	25-29	0.5478859026529719
1102	30-34	0.40451867577364453
1102	35-39	0.283021674142951
1102	40-44	0.46016841341717196
1102	45-49	0.8476133892170736
1102	50-54	0.7490768869981963
1102	55-59	0.6914302986115004
1102	60-64	0.9395320569006884
1102	65-69	0.8709072055278213
1102	70-74	0.9721726689093728
1102	75-79	1.1116892820818478
1102	80-84	1.1925833099265297
1102	85-89	1.2834782853274724
1102	90-94	1.2114521268698937
1102	95-99	1.2624176439614487
1102	100-104	1.1986833881392371
1102	105-109	1.3588288887189073
1102	110-114	1.125205588396362
1102	115-119	1.117969356122213
1102	120-124	1.2916513562673977
1102	125-129	1.1893457174618831
1102	130-134	1.4247044844293484
1102	135-139	1.2483788501770796
1102	140-144	1.1360553282416
1102	145-149	1.3519844470426854
1102	150-154	1.4194992829691913
1102	155-159	1.1594820452547516
1102	160-164	1.2197886165332292
1102	165-169	1.2094252118905722
1102	170-174	1.18113725061853
1102	175-179	1.2107371401979385
1102	180-184	1.2155872720083636
1102	185-189	1.4090208872222263
1102	190-194	1.3099118062797288
1102	195-199	1.31307367101358
1102	200-204	1.036049761114409
1102	205-209	1.2177030902772117
1102	210-214	1.1047713990555543
1102	215-219	1.188685286974696
1102	220-224	1.0731158073351388
1102	225-229	0.9945664756448984
1102	230-234	0.8202816123016525
1102	235-239	0.6525465003817459
1102	240-244	1.0039016513248527
1102	245-249	0.5900689674782349
1102	250-251	1.0167305641152442
1103	1	-0.10597702028303146
1103	2	0.12417399299434706
1103	3	0.20668705033006773
1103	4	0.16776052774028472
1103	5	0.0868240164525993
1103	6	0.5195252151770688
1103	7	0.32908177453279563
1103	8	0.30765604278483494
1103	9	0.32802359654322544
1103	10-14	0.4515553801198209
1103	15-19	0.3395846969201841
1103	20-24	0.3204565282979459
1103	25-29	0.28134953227193904
1103	30-34	0.390054680734508
1103	35-39	0.43581134870110105
1103	40-44	0.32508672422797247
1103	45-49	0.4213785779690653
1103	50-54	0.48971971494643896
1103	55-59	0.5673313108629259
1103	60-64	0.5747063569671909
1103	65-69	0.5305257085453121
1103	70-74	0.5353932705111362
1103	75-79	0.7297432455589643
1103	80-84	0.8137870225117574
1103	85-89	0.7294301311163984
1103	90-94	0.700612874318189
1103	95-99	0.8549596097338181
1103	100-104	0.6822845062689353
1103	105-109	1.0056939850242692
1103	110-114	0.7202960367509661
1103	115-119	0.8649850515297111
1103	120-124	1.0407697162059435
1103	125-129	0.977024489411427
1103	130-134	0.9597181287575616
1103	135-139	0.7326070967013685
1103	140-144	1.0678994918611977
1103	145-149	1.094541351686388
1103	150-154	1.232473799164918
1103	155-159	0.9641598195791978
1103	160-164	0.9753830121583142
1103	165-169	0.7274993106989847
1103	170-174	0.8116819650282672
1103	175-179	1.0980374920459042
1103	180-184	0.9495074520592262
1103	185-189	0.9830459671930285
1103	190-194	1.0682599949064233
1103	195-199	1.0366325581959472
1103	200-204	0.839223123120032
1103	205-209	0.8986286100619516
1103	210-214	0.8019487929297995
1103	215-219	0.9508484734365084
1103	220-224	0.8904040489398
1103	225-229	0.9245211450720454
1103	230-234	0.786891196826673
1103	235-239	0.9008725955319008
1103	240-244	0.6121615112009948
1103	245-249	0.753186290094078
1103	250-251	0.7895204732862222
1104	1	0.12471892627191039
1104	2	0.23255472186470172
1104	3	0.2875245950584997
1104	4	0.21841208600909567
1104	5	0.20439929771140797
1104	6	0.693982891015132
1104	7	0.380537913544142
1104	8	0.4112064167727958
1104	9	0.4200618352261358
1104	10-14	0.34914267124600684
1104	15-19	0.3381343274675075
1104	20-24	0.39229247075391527
1104	25-29	0.5192060465055306
1104	30-34	0.6621941421619937
1104	35-39	0.46357808410684953
1104	40-44	0.5627059829687511
1104	45-49	0.6099244002836173
1104	50-54	0.6139679762637655
1104	55-59	0.7942723292747331
1104	60-64	0.8165929641993372
1104	65-69	0.5838550931586752
1104	70-74	0.575983677243606
1104	75-79	0.8955282371464008
1104	80-84	0.7744354007256717
1104	85-89	0.8886097945997875
1104	90-94	0.8358630435517078
1104	95-99	0.9130548617526841
1104	100-104	0.7981822996207413
1104	105-109	0.7668333409807957
1104	110-114	1.0133567752907098
1104	115-119	1.1379160586306405
1104	120-124	0.928653509605585
1104	125-129	1.1060426102255256
1104	130-134	1.0064882372742758
1104	135-139	1.2281289709865355
1104	140-144	1.2689898061770073
1104	145-149	1.0797438247141358
1104	150-154	1.1063959150515181
1104	155-159	1.0458105582049377
1104	160-164	0.9492195928215246
1104	165-169	0.9083320361031291
1104	170-174	1.0880097956052062
1104	175-179	1.0217868741748397
1104	180-184	0.7447889266631549
1104	185-189	1.210200293468958
1104	190-194	1.2182472549766636
1104	195-199	0.9986423386521786
1104	200-204	0.773433612523732
1104	205-209	0.9604554005549986
1104	210-214	1.0390538961430096
1104	215-219	1.0936074465765238
1104	220-224	0.8512156562566879
1104	225-229	0.9311097395141772
1104	230-234	1.043530353725174
1104	235-239	1.0002684699467714
1104	240-244	0.6882093622381475
1104	245-249	0.8955243941089712
1104	250-251	0.7037674251028463
1105	1	0.11851277563533813
1105	2	0.12309987913828024
1105	3	0.15566664216680337
1105	4	0.26765311635467626
1105	5	0.18564249121092402
1105	6	0.49374648263141907
1105	7	0.40426974445760777
1105	8	0.19326291711351473
1105	9	0.37259932157007825
1105	10-14	0.3866789032132658
1105	15-19	0.32766203311783215
1105	20-24	0.3316273124010607
1105	25-29	0.5450444839368203
1105	30-34	0.5978957118838153
1105	35-39	0.68413169666551
1105	40-44	0.5436786481153746
1105	45-49	0.6196644683056292
1105	50-54	0.6698816357887338
1105	55-59	0.6103560463693327
1105	60-64	0.663703512101975
1105	65-69	0.7441305077744573
1105	70-74	0.7909814923329037
1105	75-79	0.8424207430314326
1105	80-84	1.0543595227904028
1105	85-89	0.9879503792565991
1105	90-94	0.9163403691603662
1105	95-99	0.9249914902085585
1105	100-104	0.8148389960014306
1105	105-109	0.8243525549168425
1105	110-114	0.9967120152002664
1105	115-119	1.0587484993594458
1105	120-124	1.1343512375931866
1105	125-129	1.138583002734979
1105	130-134	1.1066584490091635
1105	135-139	0.9025547627288759
1105	140-144	0.9632099198510744
1105	145-149	1.0925522511530872
1105	150-154	0.9150766185280581
1105	155-159	0.9969838746952426
1105	160-164	0.9181047991581934
1105	165-169	0.9472800792619935
1105	170-174	1.1401694540171796
1105	175-179	0.9548952262427584
1105	180-184	0.8351446533052531
1105	185-189	1.0928854506510213
1105	190-194	0.9629879549852802
1105	195-199	0.9333382789690923
1105	200-204	1.3548775914111992
1105	205-209	1.0442969841228482
1105	210-214	1.1385279183441348
1105	215-219	0.5316890307937783
1105	220-224	0.6383391081855905
1105	225-229	0.628597953374058
1105	230-234	0.7740347044013163
1105	235-239	0.7578423911872854
1105	240-244	0.931237372367633
1105	245-249	1.1688109181594761
1105	250-251	0.7023736239083842
1106	1	0.22502527231804592
1106	2	0.30339914535018053
1106	3	0.13833195416003718
1106	4	0.28735738459439375
1106	5	0.18598425471058277
1106	6	0.6804404105034472
1106	7	0.27511039879842514
1106	8	0.23086049643349682
1106	9	0.15946410123895305
1106	10-14	0.27258644555330136
1106	15-19	0.27953891678584597
1106	20-24	0.3572075765024749
1106	25-29	0.44036061667164716
1106	30-34	0.5084080096787247
1106	35-39	0.5023536335876884
1106	40-44	0.44578703629202465
1106	45-49	0.5510230527635684
1106	50-54	0.3585391141269909
1106	55-59	0.4377261537704342
1106	60-64	0.5487244740812685
1106	65-69	0.5203594200513493
1106	70-74	0.49503523742964717
1106	75-79	0.49976436244751454
1106	80-84	0.6362517469316202
1106	85-89	0.7229600766550597
1106	90-94	0.6837161586671101
1106	95-99	0.6370600648406217
1106	100-104	0.6298880205060193
1106	105-109	0.5295902935242935
1106	110-114	0.5051451208626005
1106	115-119	0.6361864972752826
1106	120-124	0.7283366761362338
1106	125-129	0.8851082876086238
1106	130-134	0.8929321220708779
1106	135-139	0.7382785948950996
1106	140-144	0.9264876847289116
1106	145-149	0.8875601111156186
1106	150-154	0.8139467643070262
1106	155-159	0.6922352518565233
1106	160-164	0.9044986423954562
1106	165-169	0.6279451787754731
1106	170-174	0.8041585404008593
1106	175-179	0.9498793503194207
1106	180-184	0.8849679079937935
1106	185-189	0.9434253459623179
1106	190-194	0.6377249953810065
1106	195-199	0.7671538515786764
1106	200-204	1.0830929082300678
1106	205-209	0.9397536154825445
1106	210-214	0.5333224205154181
1106	215-219	0.5133923759988086
1106	220-224	0.3327745224034757
1106	225-229	0.515570883804088
1106	230-234	0.46711368089874483
1106	235-239	0.5640888964687782
1106	240-244	0.3805096815700999
1106	245-249	0.49424633739409174
1106	250-251	0.01576227373478467
1107	1	0.22076530754041812
1107	2	0.15447247235862704
1107	3	0.1597684411095024
1107	4	0.2922870616424973
1107	5	0.2769449106173525
1107	6	0.6678443153340723
1107	7	0.26043810068567197
1107	8	0.13172283402352747
1107	9	0.20253352828856208
1107	10-14	0.1368395328889065
1107	15-19	0.26360628155189403
1107	20-24	0.34912610760233775
1107	25-29	0.4245571786466087
1107	30-34	0.2603313366397302
1107	35-39	0.5198263064855695
1107	40-44	0.4863495136462035
1107	45-49	0.40107576755748653
1107	50-54	0.41558414999255433
1107	55-59	0.367480873935925
1107	60-64	0.5411865256510353
1107	65-69	0.48577199490562606
1107	70-74	0.5460848531987423
1107	75-79	0.49184745315479717
1107	80-84	0.5575119480014017
1107	85-89	0.6285841888743882
1107	90-94	0.5621239290926283
1107	95-99	0.5815793237720364
1107	100-104	0.4127179887322754
1107	105-109	0.40635027864842854
1107	110-114	0.3702805758764285
1107	115-119	0.12655812147033174
1107	120-124	0.43502298467831935
1107	125-129	0.7152680700491523
1107	130-134	0.5202769481975054
1107	135-139	0.5023387490808453
1107	140-144	0.49845999916609074
1107	145-149	0.1925435306085781
1107	150-154	0.21971157280818687
1107	155-159	0.219610017639706
1107	160-164	0.1523603361778072
1107	165-169	0.27785555004081175
1107	170-174	0.598878591088468
1107	175-179	0.41327954737975503
1107	180-184	0.22031480170003093
1107	185-189	0.11376948692264222
1107	190-194	-0.061954322869780754
1107	195-199	0.36055007633125413
1107	200-204	0.3073828994761705
1107	205-209	0.21267905709251878
1107	210-214	0.18031010811429127
1107	215-219	0.3506343520318467
1107	220-224	0.06540857873081762
1107	225-229	0.37056961735432026
1107	230-234	0.19639927197452778
1107	235-239	0.11826763614321578
1107	240-244	0.11275933942554595
1107	245-249	0.3569693244060126
1107	250-251	0.28559563386827413
1108	1	0.09096484315314157
1108	2	0.18238079200185098
1108	3	0.09665698240780429
1108	4	0.1732297895564443
1108	5	-0.009977618816115807
1108	6	0.30857022260625655
1108	7	0.20612358989420088
1108	8	0.026974470921533822
1108	9	0.25881954276245267
1108	10-14	0.011347919932873651
1108	15-19	0.06128082805169299
1108	20-24	0.09161747947602095
1108	25-29	0.21073702096468594
1108	30-34	0.06900883048317752
1108	35-39	0.2341161921987478
1108	40-44	0.24166708166900008
1108	45-49	0.3349956600241555
1108	50-54	0.19787454508897184
1108	55-59	0.27100110684038015
1108	60-64	0.16251109680719367
1108	65-69	0.2972578585659207
1108	70-74	0.16858499139854644
1108	75-79	0.2388215473206472
1108	80-84	0.14767638784606163
1108	85-89	0.0912452545661786
1108	90-94	0.3045305611071534
1108	95-99	0.3123823270746371
1108	100-104	0.1624774813139993
1108	105-109	0.17601858321718566
1108	110-114	0.1629407857947065
1108	115-119	0.24465778506165137
1108	120-124	0.25166195369526534
1108	125-129	0.2522947681818941
1108	130-134	0.05856864542902329
1108	135-139	0.3777015983214085
1108	140-144	0.3800620021525454
1108	145-149	0.26300537340214447
1108	150-154	0.18538519748356563
1108	155-159	0.22496214189719055
1108	160-164	0.3434840612194563
1108	165-169	0.18552210985097162
1108	170-174	-0.00957507778995037
1108	175-179	-0.045219712729931416
1108	180-184	0.16313764377116513
1108	185-189	0.09013836385345897
1108	190-194	0.12504298848945794
1108	195-199	0.14844384931832622
1108	200-204	0.08844194730612642
1108	205-209	-0.2196425760211831
1108	210-214	-0.1630333289162742
1108	215-219	-0.06984476529086692
1108	220-224	0.24622259299459515
1108	225-229	-0.1455939317407804
1108	230-234	0.03508040362687126
1108	235-239	0.1792694993279511
1108	240-244	0.004070996576690078
1108	245-249	0.3588986191595467
1108	250-251	0.2930061114584692
1109	1	0.022283477411885855
1109	2	-0.07118205126857191
1109	3	-0.11732963983976674
1109	4	-0.10388147621646837
1109	5	-0.05896381916264559
1109	6	0.2908078715325644
1109	7	0.21613691942936697
1109	8	0.1418251338137182
1109	9	0.29574064219215757
1109	10-14	0.1143956949917424
1109	15-19	0.1752165049554364
1109	20-24	0.03951929897977635
1109	25-29	0.08870833042496429
1109	30-34	-0.010364205535751125
1109	35-39	0.21093228464041403
1109	40-44	0.20555886172788007
1109	45-49	0.18508914533070708
1109	50-54	0.043796546262065306
1109	55-59	-0.11775724775634444
1109	60-64	-0.09788642534384451
1109	65-69	0.06264765211071222
1109	70-74	-0.10708924995769564
1109	75-79	-0.35038973321457334
1109	80-84	-0.28832810267453723
1109	85-89	0.051397937942741834
1109	90-94	0.025310688603799036
1109	95-99	-0.11161677125083358
1109	100-104	-0.2752237347366808
1109	105-109	-0.2940903403340229
1109	110-114	-0.39695260148252487
1109	115-119	-0.3909611911377908
1109	120-124	-0.4972523907302353
1109	125-129	-0.24033008818549462
1109	130-134	-0.3266588962521091
1109	135-139	-0.18950791504412834
1109	140-144	-0.22423505803648425
1109	145-149	-0.3634583845456518
1109	150-154	-0.2531510496991025
1109	155-159	-0.18201434931689775
1109	160-164	-0.4431675330411302
1109	165-169	-0.24276963111862315
1109	170-174	-0.36173351175693824
1109	175-179	-0.5475341442745929
1109	180-184	-0.28192394877981286
1109	185-189	-0.4997558580299071
1109	190-194	-0.1665958636329492
1109	195-199	-0.32698582796289344
1109	200-204	-0.7446897509644295
1109	205-209	-0.5504265915884865
1109	210-214	-0.42148086067349766
1109	215-219	-0.32807240970875284
1109	220-224	-0.3678181990570941
1109	225-229	-0.5097399941422402
1109	230-234	-0.6159598859811517
1109	235-239	-0.5601864225730999
1109	240-244	-0.5379055152778065
1109	245-249	-0.5450383599220494
1109	250-251	-0.5747963645557181
1110	1	-0.15159393860906434
1110	2	0.03813579482034157
1110	3	-0.22145899300629424
1110	4	-0.30574875198375295
1110	5	-0.17016740612858072
1110	6	0.33321100072610577
1110	7	0.018963028147602756
1110	8	0.1469946881620139
1110	9	0.12160654085455036
1110	10-14	-0.11159851251010622
1110	15-19	-0.13078783468353805
1110	20-24	-0.11927367805585476
1110	25-29	-0.4415169574413511
1110	30-34	-0.608986491908631
1110	35-39	-0.28077316932574803
1110	40-44	-0.22488573138688395
1110	45-49	-0.4701289390452743
1110	50-54	-0.5062190813635183
1110	55-59	-0.47997642018774656
1110	60-64	-0.5138753398042866
1110	65-69	-0.6216290220936571
1110	70-74	-0.7638421040422116
1110	75-79	-1.0187614874109698
1110	80-84	-0.8647401398709214
1110	85-89	-1.2216282256340634
1110	90-94	-0.9606387852120974
1110	95-99	-0.970324024688562
1110	100-104	-1.2536205923431112
1110	105-109	-1.4281108868150447
1110	110-114	-1.3114598138408198
1110	115-119	-1.1686523261927526
1110	120-124	-1.310772012212169
1110	125-129	-1.0905219498201468
1110	130-134	-1.1651755985966403
1110	135-139	-1.2354168908215044
1110	140-144	-1.2484079573376157
1110	145-149	-1.4107198997726762
1110	150-154	-1.1348408813555046
1110	155-159	-1.1816851354351456
1110	160-164	-0.9225248641894588
1110	165-169	-1.0781911192539866
1110	170-174	-1.256757164145153
1110	175-179	-1.2442842499396747
1110	180-184	-0.8467080898396233
1110	185-189	-1.115676825361664
1110	190-194	-1.10301298427078
1110	195-199	-1.2599758647754697
1110	200-204	-1.4159721987204925
1110	205-209	-1.1028538005377442
1110	210-214	-1.0051182134867247
1110	215-219	-1.3535657957250251
1110	220-224	-1.266869746200527
1110	225-229	-1.0431620151199432
1110	230-234	-1.2450465294360828
1110	235-239	-1.132487393572756
1110	240-244	-0.9521149254301147
1110	245-249	-0.7875216906908467
1110	250-251	-0.8643966759402861
1111	1	-0.47902324421724884
1111	2	-0.4567456706969004
1111	3	-0.5131266464735162
1111	4	-0.5112924001459334
1111	5	-0.5953077291676081
1111	6	-0.050921838417508525
1111	7	-0.2665884354749828
1111	8	-0.24487368053825165
1111	9	-0.1761802628589777
1111	10-14	-0.34135824631079004
1111	15-19	-0.3706064212693718
1111	20-24	-0.42998145088646567
1111	25-29	-0.5317203962439265
1111	30-34	-0.8266227888014015
1111	35-39	-0.6735034400026763
1111	40-44	-0.6528768456688709
1111	45-49	-0.8468805990615778
1111	50-54	-0.7837689963312116
1111	55-59	-1.002503171193645
1111	60-64	-1.223994051937268
1111	65-69	-1.264027777989682
1111	70-74	-1.4285983852605746
1111	75-79	-1.370772092657461
1111	80-84	-2.027193168341377
1111	85-89	-1.6071778866462658
1111	90-94	-1.8355813757053845
1111	95-99	-1.7053316733527275
1111	100-104	-1.9706099262321288
1111	105-109	-1.82725569942518
1111	110-114	-1.9518523125683664
1111	115-119	-2.035917978637414
1111	120-124	-2.2300517469153363
1111	125-129	-2.326341479180389
1111	130-134	-2.4525163172716873
1111	135-139	-2.2662719991434805
1111	140-144	-2.084304820935877
1111	145-149	-2.22821847726723
1111	150-154	-2.1329005327930624
1111	155-159	-1.7869724090434111
1111	160-164	-2.2848464748889334
1111	165-169	-2.111248326847438
1111	170-174	-1.8830745710140775
1111	175-179	-2.134356230393209
1111	180-184	-2.2738707750672944
1111	185-189	-1.9647620619074821
1111	190-194	-2.2494434708952973
1111	195-199	-1.7834728330648062
1111	200-204	-2.1105132676487663
1111	205-209	-1.7878792093992786
1111	210-214	-1.6236436127975047
1111	215-219	-2.0256303189670746
1111	220-224	-1.7462813723349289
1111	225-229	-1.4981000267126383
1111	230-234	-1.5303316937470601
1111	235-239	-1.4909790070414584
1111	240-244	-1.366734809716183
1111	245-249	-1.366761848874404
1111	250-251	-1.380464288726957
1112	1	-0.7383686821177697
1112	2	-1.0912000932959671
1112	3	-0.574474133286369
1112	4	-0.991555271238834
1112	5	-1.0035916561042661
1112	6	-0.37595780336802775
1112	7	-0.40563111388293294
1112	8	-0.3318979623290872
1112	9	-0.5382492283762161
1112	10-14	-0.5382205768395849
1112	15-19	-0.5610179474910879
1112	20-24	-0.5321360783767659
1112	25-29	-0.6534355974296844
1112	30-34	-0.711941460059947
1112	35-39	-0.8310369382118452
1112	40-44	-0.5860362599191404
1112	45-49	-0.783191653949487
1112	50-54	-0.9376920521310623
1112	55-59	-1.0096580485912128
1112	60-64	-1.3934350674742007
1112	65-69	-1.2109476492045559
1112	70-74	-1.663449584046429
1112	75-79	-1.7504043926823982
1112	80-84	-1.8505724362390055
1112	85-89	-1.6657838118022852
1112	90-94	-1.9176171827184518
1112	95-99	-2.251173814591535
1112	100-104	-2.08407691003568
1112	105-109	-2.55251141489968
1112	110-114	-2.494358825101429
1112	115-119	-2.384249974561314
1112	120-124	-2.472338852428475
1112	125-129	-2.4141888530410576
1112	130-134	-2.578853497233638
1112	135-139	-2.4348613880643697
1112	140-144	-2.838564191847542
1112	145-149	-2.4681525211092143
1112	150-154	-2.3473532666649994
1112	155-159	-2.304965575128495
1112	160-164	-2.474260382867154
1112	165-169	-2.171083042411798
1112	170-174	-2.2052925840003006
1112	175-179	-2.5110035848288916
1112	180-184	-2.511535781174153
1112	185-189	-2.496514011044354
1112	190-194	-2.409595723778665
1112	195-199	-2.62915070558768
1112	200-204	-2.220144026544766
1112	205-209	-2.2412171975503163
1112	210-214	-2.049951929828307
1112	215-219	-2.216342939833236
1112	220-224	-2.0973433736372655
1112	225-229	-2.0117682735473874
1112	230-234	-1.9064956625486005
1112	235-239	-2.0331531769773683
1112	240-244	-1.7299475990420277
1112	245-249	-1.4879317673627188
1112	250-251	-1.6617387698692259
1113	1	-0.9738433960086219
1113	2	-1.0835218495366128
1113	3	-0.782048850163573
1113	4	-1.127802620851103
1113	5	-1.0287616293266417
1113	6	-0.32355478516123526
1113	7	-0.6572669713476529
1113	8	-0.6721521672791333
1113	9	-0.8656770498985225
1113	10-14	-0.6340094881814196
1113	15-19	-0.8512135867529977
1113	20-24	-1.0812572612377664
1113	25-29	-0.9942835887759003
1113	30-34	-1.0297507383249567
1113	35-39	-1.2038633189951256
1113	40-44	-1.411932527181662
1113	45-49	-1.6108620063877623
1113	50-54	-1.5310967957269597
1113	55-59	-1.7175933732188753
1113	60-64	-2.1021633202716075
1113	65-69	-2.110204220038842
1113	70-74	-2.0950957270204533
1113	75-79	-2.315384340691125
1113	80-84	-2.5003167045737555
1113	85-89	-2.7542358716464292
1113	90-94	-2.8965486482558163
1113	95-99	-2.9850400297284345
1113	100-104	-2.8605354752658947
1113	105-109	-3.132679778110031
1113	110-114	-3.221293016373089
1113	115-119	-3.25210820702263
1113	120-124	-3.4055095434173914
1113	125-129	-3.220127678425076
1113	130-134	-3.1578533937852704
1113	135-139	-3.2468180746994264
1113	140-144	-3.302331560446717
1113	145-149	-3.542878864766454
1113	150-154	-3.155034822083099
1113	155-159	-3.0766835906673116
1113	160-164	-3.2287744875690905
1113	165-169	-2.7610015506339067
1113	170-174	-2.993055504751549
1113	175-179	-3.6486776100024834
1113	180-184	-3.2583349033616855
1113	185-189	-3.4821705258002957
1113	190-194	-3.3150901385150746
1113	195-199	-3.42892208608599
1113	200-204	-3.4680973054354602
1113	205-209	-3.3225348770906606
1113	210-214	-3.3518687420344975
1113	215-219	-2.812815010259154
1113	220-224	-2.83431367875032
1113	225-229	-3.0086920879460006
1113	230-234	-2.8722096555820293
1113	235-239	-2.577635700417149
1113	240-244	-2.331304914230426
1113	245-249	-2.2607780959165886
1113	250-251	-1.9152641437980336
1114	1	-1.153783185063432
1114	2	-0.984841201409953
1114	3	-0.9405644623741445
1114	4	-1.4602139909514307
1114	5	-1.2477499343354665
1114	6	-0.39246591510138273
1114	7	-1.0086379531620402
1114	8	-1.1768712698176351
1114	9	-1.319606322276151
1114	10-14	-1.1728666855211216
1114	15-19	-1.2409044187506098
1114	20-24	-1.3001995130587503
1114	25-29	-1.3980887334206855
1114	30-34	-1.4433846406670057
1114	35-39	-1.904104094969199
1114	40-44	-2.0458993490753983
1114	45-49	-2.091598751279733
1114	50-54	-2.0044825900945398
1114	55-59	-2.45601220076815
1114	60-64	-2.5270677006637925
1114	65-69	-2.5141804165018335
1114	70-74	-2.7192415787066686
1114	75-79	-3.3960747885975877
1114	80-84	-3.570018364865941
1114	85-89	-3.62882646015634
1114	90-94	-3.881003155167125
1114	95-99	-4.132804670516887
1114	100-104	-3.9309759075393167
1114	105-109	-3.786568480979394
1114	110-114	-3.7418611401809905
1114	115-119	-4.000861322339748
1114	120-124	-4.0206281859072135
1114	125-129	-4.04145291758962
1114	130-134	-4.345378653717443
1114	135-139	-4.272749687737871
1114	140-144	-4.255100729590758
1114	145-149	-4.228923345348257
1114	150-154	-4.300776565051166
1114	155-159	-3.9156095388417675
1114	160-164	-4.026263418389753
1114	165-169	-3.713309062045223
1114	170-174	-3.519283620202849
1114	175-179	-4.161931434999559
1114	180-184	-4.373389453183737
1114	185-189	-4.2437782490116085
1114	190-194	-4.0986984516172384
1114	195-199	-4.012982571646077
1114	200-204	-4.165164450566474
1114	205-209	-3.96849929354331
1114	210-214	-3.779009774895389
1114	215-219	-3.6022649902862565
1114	220-224	-3.4334003406131135
1114	225-229	-3.382517939318099
1114	230-234	-3.094335609277614
1114	235-239	-3.007430290723782
1114	240-244	-2.8930145620242005
1114	245-249	-2.6975531269459108
1114	250-251	-2.45012256809113
2101	1	0.36474462672071795
2101	2	0.48322553514620736
2101	3	0.4613373507975602
2101	4	0.5476227524029014
2101	5	0.5224034363436125
2101	6	0.8221305428692993
2101	7	0.5217720031593522
2101	8	0.4855673616697693
2101	9	0.5427080017663499
2101	10-14	0.38864260647783055
2101	15-19	0.540795864204128
2101	20-24	0.473303039396761
2101	25-29	0.5400400102854164
2101	30-34	0.6984524572531967
2101	35-39	0.5973821052340966
2101	40-44	0.6063548916950054
2101	45-49	0.7749051489505874
2101	50-54	0.6794616799211681
2101	55-59	0.8670733653511249
2101	60-64	0.8720626633542139
2101	65-69	0.9794003112155636
2101	70-74	0.9284695137945249
2101	75-79	1.099096040948389
2101	80-84	1.271245331519662
2101	85-89	1.4272062090562407
2101	90-94	1.5131902068896252
2101	95-99	1.6673639090856405
2101	100-104	1.508362492588038
2101	105-109	1.5953194744802808
2101	110-114	1.8083321958180747
2101	115-119	1.6173844583907915
2101	120-124	1.4038807166634264
2101	125-129	1.3466896435550915
2101	130-134	1.3877208686984766
2101	135-139	1.3913682865083743
2101	140-144	1.4078486957794567
2101	145-149	1.5987545977178286
2101	150-154	1.313068055299098
2101	155-159	1.2000672758594
2101	160-164	1.2354570931727729
2101	165-169	1.0953102309473302
2101	170-174	0.891107521204745
2101	175-179	1.338589437394809
2101	180-184	1.4799689607932365
2101	185-189	1.340675611675728
2101	190-194	1.337894999019781
2101	195-199	1.2367545773320607
2101	200-204	1.143738878427662
2101	205-209	0.9822882960627588
2101	210-214	1.1976180174437197
2101	215-219	1.195425141757081
2101	220-224	1.1611316838053796
2101	225-229	0.7610013089631202
2101	230-234	1.0165122343206114
2101	235-239	0.8792437658592291
2101	240-244	0.8018713300592317
2101	245-249	0.7570066354066061
2101	250-251	0.7456313571683904
2102	1	0.03642598745689085
2102	2	0.3768878856592508
2102	3	0.35399709442788563
2102	4	0.36689670359643856
2102	5	0.2890114385406477
2102	6	0.7643490975430822
2102	7	0.577393624667657
2102	8	0.5102729998528979
2102	9	0.5404949816083473
2102	10-14	0.3378510030091135
2102	15-19	0.49963473746895914
2102	20-24	0.4518231958306842
2102	25-29	0.49445598784547684
2102	30-34	0.5631665649225965
2102	35-39	0.6194862313182554
2102	40-44	0.5153108582430548
2102	45-49	0.6027375738451468
2102	50-54	0.7653085449829788
2102	55-59	0.7913822916286648
2102	60-64	0.8559146491906944
2102	65-69	1.1873406361524914
2102	70-74	1.1310687474715024
2102	75-79	1.4475684171513237
2102	80-84	1.4557708345184501
2102	85-89	1.6929953876184847
2102	90-94	1.708244342482665
2102	95-99	1.6620718676552961
2102	100-104	1.9616075194577256
2102	105-109	1.9873292552611659
2102	110-114	2.1198496720057385
2102	115-119	1.730638192845749
2102	120-124	1.9655505494592873
2102	125-129	1.7652440751692176
2102	130-134	1.9167927861249723
2102	135-139	1.962746699279318
2102	140-144	2.1174736971786423
2102	145-149	1.9481168777752842
2102	150-154	1.9570486319212037
2102	155-159	1.8433529245931837
2102	160-164	1.8930830416425195
2102	165-169	1.7809456601320868
2102	170-174	1.7903365541444316
2102	175-179	2.224625916221843
2102	180-184	2.1463457622421416
2102	185-189	1.8786157199771765
2102	190-194	2.3533385955006203
2102	195-199	1.9659271868038601
2102	200-204	2.0565967231716975
2102	205-209	2.105146997681839
2102	210-214	1.7531109539726621
2102	215-219	1.9332718312984305
2102	220-224	1.798804499401168
2102	225-229	1.7605065650243823
2102	230-234	1.7097976390062257
2102	235-239	1.5277383479469897
2102	240-244	1.6728823696550172
2102	245-249	1.373373290911001
2102	250-251	1.5164689605480124
2103	1	0.29307700671655823
2103	2	0.20382507237239977
2103	3	0.39705068342063043
2103	4	0.44913799011493083
2103	5	0.5318450977781275
2103	6	0.8379555142433155
2103	7	0.5665043049573839
2103	8	0.4027113004603322
2103	9	0.5287898777690359
2103	10-14	0.3559559738554867
2103	15-19	0.46531351508400576
2103	20-24	0.4667315789078543
2103	25-29	0.48573757922309824
2103	30-34	0.6223950542686509
2103	35-39	0.6265939717771616
2103	40-44	0.5927912202738668
2103	45-49	0.44064394527728723
2103	50-54	0.6884171246944959
2103	55-59	0.8171435747540414
2103	60-64	0.8769590449407403
2103	65-69	1.1418943495148923
2103	70-74	1.1445248144485305
2103	75-79	1.2637667383820173
2103	80-84	1.62145878623922
2103	85-89	1.4997877943678795
2103	90-94	1.5064212153542265
2103	95-99	1.6242802738333495
2103	100-104	1.655441352480569
2103	105-109	1.7744446809033327
2103	110-114	1.9804733383072524
2103	115-119	1.6238855383288104
2103	120-124	1.609011099903359
2103	125-129	1.6445887724396222
2103	130-134	1.6494525644912628
2103	135-139	1.67426626220983
2103	140-144	2.0316148062415067
2103	145-149	1.7975703403871996
2103	150-154	1.6565895824254504
2103	155-159	1.7862334886518347
2103	160-164	1.859337531362172
2103	165-169	2.0136262753975487
2103	170-174	2.0814557047210513
2103	175-179	2.2372948396270225
2103	180-184	2.043164666580193
2103	185-189	2.1004302579584575
2103	190-194	1.9742335798405009
2103	195-199	2.1045048586742467
2103	200-204	1.858057404980574
2103	205-209	1.7404114340892356
2103	210-214	1.8437247900905227
2103	215-219	1.5144360740885148
2103	220-224	1.6490590280337543
2103	225-229	1.6795065747662967
2103	230-234	1.3736395633032892
2103	235-239	1.66194718041627
2103	240-244	1.3867593767355721
2103	245-249	1.2725877305699775
2103	250-251	1.1308495810921126
2104	1	0.41816940171901607
2104	2	0.2975754124087828
2104	3	0.38311520163936663
2104	4	0.3354245093899024
2104	5	0.5040075368594259
2104	6	0.7439893222737659
2104	7	0.5663509564562155
2104	8	0.26761278923135023
2104	9	0.4936391622565708
2104	10-14	0.25237164242837906
2104	15-19	0.3049349720314112
2104	20-24	0.329388156963887
2104	25-29	0.31014225933837025
2104	30-34	0.3773809935269554
2104	35-39	0.4756842034230786
2104	40-44	0.5330943045500618
2104	45-49	0.5256465034655307
2104	50-54	0.4973684511680503
2104	55-59	0.7783850726325454
2104	60-64	0.7461600358817506
2104	65-69	0.9441132553055169
2104	70-74	0.9533483447734596
2104	75-79	1.1300825917748583
2104	80-84	1.2252462635862464
2104	85-89	1.2752640104255164
2104	90-94	1.4998042675643397
2104	95-99	1.57247155566262
2104	100-104	1.5402014704663607
2104	105-109	1.5033345154230098
2104	110-114	1.737757393383287
2104	115-119	1.8964986317091395
2104	120-124	1.723718949256174
2104	125-129	1.4979850684444038
2104	130-134	1.6641374420466128
2104	135-139	1.7937881660573396
2104	140-144	1.7014348564967037
2104	145-149	1.8195083930553793
2104	150-154	1.9734418122608872
2104	155-159	1.8603629492148066
2104	160-164	1.784003053908279
2104	165-169	1.6944547524795581
2104	170-174	1.6414440683860256
2104	175-179	1.7896396085556496
2104	180-184	1.6473157199107789
2104	185-189	1.8184307179125838
2104	190-194	1.8839177933956215
2104	195-199	1.9858609193086174
2104	200-204	1.8816086557845857
2104	205-209	2.0609513495059844
2104	210-214	1.7721321725763381
2104	215-219	1.7408063314060342
2104	220-224	1.6331046618092664
2104	225-229	1.671991898580984
2104	230-234	1.55906729956887
2104	235-239	1.4544945486430088
2104	240-244	1.530255353126936
2104	245-249	1.2047102894652255
2104	250-251	1.0645211557179675
2105	1	0.48017915868970107
2105	2	0.5549196621260926
2105	3	0.45826489215244237
2105	4	0.541921748870088
2105	5	0.6541523126869144
2105	6	0.9423998299972389
2105	7	0.5273625420418817
2105	8	0.46300585598006805
2105	9	0.5303683296459809
2105	10-14	0.33551650825368995
2105	15-19	0.30605868786555135
2105	20-24	0.3542610916018347
2105	25-29	0.4671856448252001
2105	30-34	0.4944134586075464
2105	35-39	0.3644211140720728
2105	40-44	0.4352146417846683
2105	45-49	0.31852076889897774
2105	50-54	0.5623820395568586
2105	55-59	0.6108644574350777
2105	60-64	0.8472816342118605
2105	65-69	0.9002036006385623
2105	70-74	0.9637650854557194
2105	75-79	1.051565863941363
2105	80-84	1.2746946210758203
2105	85-89	1.2940273519176984
2105	90-94	1.3575205691182646
2105	95-99	1.2427874558347476
2105	100-104	1.2839579587987302
2105	105-109	1.2700200593277167
2105	110-114	1.4925191363711292
2105	115-119	1.5680931904490052
2105	120-124	1.3396574763719684
2105	125-129	1.3464914122501277
2105	130-134	1.64923077543434
2105	135-139	1.536395849320865
2105	140-144	1.4024540645731527
2105	145-149	1.3544938034232743
2105	150-154	1.4212802874618191
2105	155-159	1.5249640436405691
2105	160-164	1.3791528333757022
2105	165-169	1.485021328128834
2105	170-174	1.4670940588164392
2105	175-179	1.5190005419721295
2105	180-184	1.3311766139867238
2105	185-189	1.3546727615797813
2105	190-194	1.5119665751588904
2105	195-199	1.3516076154975991
2105	200-204	1.6094388675896845
2105	205-209	1.5851846400943472
2105	210-214	1.3838288468052902
2105	215-219	1.400391921101729
2105	220-224	1.0391320315093218
2105	225-229	1.152495236302471
2105	230-234	1.254608884763602
2105	235-239	0.9266263057377877
2105	240-244	1.1924955497190943
2105	245-249	1.2062645827328353
2105	250-251	1.1500644315937851
2106	1	0.5154574576779467
2106	2	0.4480931522541489
2106	3	0.33200944855723336
2106	4	0.41727652022367323
2106	5	0.545825024938317
2106	6	0.832823007227752
2106	7	0.4927495999006979
2106	8	0.5171355897756769
2106	9	0.5264147227439437
2106	10-14	0.25982386920696143
2106	15-19	0.18346388864404162
2106	20-24	0.231246012920181
2106	25-29	0.33168970478644155
2106	30-34	0.13877832283365166
2106	35-39	0.32681168483970424
2106	40-44	0.3223427059353057
2106	45-49	0.31038428808201957
2106	50-54	0.2702346169673433
2106	55-59	0.39757295689756944
2106	60-64	0.5531937442405379
2106	65-69	0.5518315999488763
2106	70-74	0.7295436409989264
2106	75-79	0.837097153149621
2106	80-84	0.9153620020024036
2106	85-89	1.0143650400101905
2106	90-94	0.8757584670683869
2106	95-99	0.9835676591951454
2106	100-104	1.2140280260150966
2106	105-109	1.1034816009591921
2106	110-114	1.0038302839720359
2106	115-119	1.204319721687689
2106	120-124	1.2769195792726329
2106	125-129	1.1562799526598013
2106	130-134	1.548381759458369
2106	135-139	1.4171688529967241
2106	140-144	1.1954391939471805
2106	145-149	1.1919956568715975
2106	150-154	1.2215370682395381
2106	155-159	1.2493769821458862
2106	160-164	1.3713446840165453
2106	165-169	1.3017822909257504
2106	170-174	0.8050302086585752
2106	175-179	1.569436559639371
2106	180-184	1.2633343197295765
2106	185-189	1.4228625576616842
2106	190-194	1.1740873971525616
2106	195-199	1.2077231382469762
2106	200-204	1.0589311319817725
2106	205-209	1.2571574337796356
2106	210-214	1.3435424562066878
2106	215-219	1.5263677223199892
2106	220-224	1.400799529525731
2106	225-229	1.315084767232019
2106	230-234	1.3355369793779097
2106	235-239	1.2057496891114425
2106	240-244	1.2026766119772994
2106	245-249	1.1565270976222841
2106	250-251	0.6951089593153146
2107	1	0.20921535626272814
2107	2	0.29686175635880474
2107	3	0.35294004545524515
2107	4	0.33714387622137565
2107	5	0.23540150412783234
2107	6	0.6099017058543126
2107	7	0.46196783583991063
2107	8	0.3732607138030417
2107	9	0.4217507716237847
2107	10-14	0.2295697567206645
2107	15-19	0.21205190890619718
2107	20-24	0.32751318091850834
2107	25-29	0.3543067605073631
2107	30-34	0.34981639270674947
2107	35-39	0.5423608921334022
2107	40-44	0.5399439554204051
2107	45-49	0.6983562435453194
2107	50-54	0.6272096664024005
2107	55-59	0.7015901634594002
2107	60-64	0.9829342522383442
2107	65-69	0.8506203665352032
2107	70-74	1.0204621477020197
2107	75-79	1.0634459218067533
2107	80-84	1.3583714058857943
2107	85-89	1.0940421971883971
2107	90-94	1.3284267916419097
2107	95-99	1.3933661295198796
2107	100-104	1.4159868033707994
2107	105-109	1.3621536985727367
2107	110-114	1.442635368652958
2107	115-119	1.8300459052538685
2107	120-124	1.4050470655559764
2107	125-129	1.5820955274601225
2107	130-134	1.6472757890857288
2107	135-139	1.5805197723543998
2107	140-144	1.213727854572575
2107	145-149	1.4263242210578255
2107	150-154	1.2229692381302257
2107	155-159	1.4962199676334755
2107	160-164	1.3811257046100565
2107	165-169	1.2808790914112684
2107	170-174	1.274690624455939
2107	175-179	1.5438299805046576
2107	180-184	1.417186089899836
2107	185-189	1.6478411401183948
2107	190-194	1.612147546088682
2107	195-199	1.3229806396715418
2107	200-204	1.3624470865762852
2107	205-209	1.367845203285178
2107	210-214	1.3373475073346164
2107	215-219	1.288127810884756
2107	220-224	1.4901473383181312
2107	225-229	1.3989416257607417
2107	230-234	1.3684785169098284
2107	235-239	1.234670272082468
2107	240-244	1.1262206338455307
2107	245-249	1.1124026586398834
2107	250-251	0.9619831574228161
2108	1	0.3286668851260224
2108	2	0.42537677075617
2108	3	0.26182527786988885
2108	4	0.4926656093901691
2108	5	0.4009575167426682
2108	6	0.728335820759014
2108	7	0.4491171571068797
2108	8	0.43385580498636855
2108	9	0.2788630710890274
2108	10-14	0.26637930011844446
2108	15-19	0.20140827802728012
2108	20-24	0.2973335566212256
2108	25-29	0.20301538521599127
2108	30-34	0.0855498357343123
2108	35-39	0.4225641797065762
2108	40-44	0.34881184549387
2108	45-49	0.5189975790570642
2108	50-54	0.4217932988958282
2108	55-59	0.48275989810147024
2108	60-64	0.6904677218024275
2108	65-69	0.5908323518730398
2108	70-74	0.753229771765433
2108	75-79	0.6759816230860451
2108	80-84	0.6237493830772358
2108	85-89	0.6810775105819538
2108	90-94	0.8140070199488463
2108	95-99	0.7818975988474541
2108	100-104	1.0215588839060281
2108	105-109	1.187655504343276
2108	110-114	0.805996859900393
2108	115-119	0.8350128256907432
2108	120-124	1.0236925208757377
2108	125-129	0.6997312958775375
2108	130-134	0.842242930073116
2108	135-139	1.074302672053843
2108	140-144	0.9280952117822139
2108	145-149	0.9936109800223711
2108	150-154	0.8451496404345029
2108	155-159	0.8475450357968803
2108	160-164	0.7550750484504718
2108	165-169	0.7057617679566484
2108	170-174	0.8915331094719399
2108	175-179	1.0276994794378922
2108	180-184	0.9307517476244733
2108	185-189	1.3079143899398638
2108	190-194	0.9826417389806039
2108	195-199	1.1800915201961324
2108	200-204	0.9782615087509328
2108	205-209	0.7689979294035254
2108	210-214	0.9302184803861806
2108	215-219	0.7866597577896925
2108	220-224	0.9063547093106195
2108	225-229	0.8420563702311483
2108	230-234	0.8387253287048679
2108	235-239	0.9278741215033186
2108	240-244	0.690974614514122
2108	245-249	0.4259179398532158
2108	250-251	0.35185802411418976
2109	1	0.3483436450484412
2109	2	0.18604651396118044
2109	3	0.021158558861358756
2109	4	0.26372521223175127
2109	5	0.22998049772803242
2109	6	-11.054424223789727
2109	7	-4.033392518867917
2109	8	-2.608728661693675
2109	9	-2.529005073944461
2109	10-14	-0.2630161804525528
2109	15-19	0.012584137960452324
2109	20-24	0.12500512888353654
2109	25-29	0.03652569220101043
2109	30-34	0.1506143180005921
2109	35-39	0.37641612742393704
2109	40-44	0.2887066925929602
2109	45-49	0.607279997371414
2109	50-54	0.33509518517612236
2109	55-59	0.5244343177788053
2109	60-64	0.38394796979849843
2109	65-69	0.46333086572863635
2109	70-74	0.5506416353884944
2109	75-79	0.41476523925533115
2109	80-84	0.44931316493102
2109	85-89	0.4290153845880482
2109	90-94	0.43818324608567494
2109	95-99	0.41471190910579736
2109	100-104	0.7081861584635547
2109	105-109	0.5550480704290699
2109	110-114	0.5400840444108113
2109	115-119	0.9832080887440533
2109	120-124	0.751545095687252
2109	125-129	0.48763198258563634
2109	130-134	0.7346664069419084
2109	135-139	0.7059151507114407
2109	140-144	0.8028691176181013
2109	145-149	0.7817786588874824
2109	150-154	0.4947750696183668
2109	155-159	0.6765013195055367
2109	160-164	0.4101688466825557
2109	165-169	0.46538296681374547
2109	170-174	0.49182379616434346
2109	175-179	0.8621198975733613
2109	180-184	0.9161780592791935
2109	185-189	0.552372948252934
2109	190-194	0.7688663332268106
2109	195-199	0.6592504770147691
2109	200-204	0.8800036994731322
2109	205-209	0.8613429855496086
2109	210-214	0.7661329426525363
2109	215-219	0.7964038605232844
2109	220-224	0.6952519893125455
2109	225-229	0.7271798451400038
2109	230-234	0.7153677600549173
2109	235-239	0.6396315198419948
2109	240-244	0.4339379187658885
2109	245-249	0.3597997898034553
2109	250-251	0.3910362367147737
2110	1	0.2112456783475487
2110	2	-0.026965533517532947
2110	3	-0.06565144479837315
2110	4	0.07495006639813795
2110	5	0.05142889181734489
2110	6	0.4610887386217257
2110	7	0.12863310517548143
2110	8	0.08409841379605254
2110	9	0.03232297870825107
2110	10-14	-0.07626885153756291
2110	15-19	-0.12954831466677774
2110	20-24	-0.24750812838072989
2110	25-29	-0.1983717834736325
2110	30-34	-0.15998281081452603
2110	35-39	-0.18155332164124616
2110	40-44	-0.36705072494747526
2110	45-49	-0.2123110158543895
2110	50-54	-0.19331010454194342
2110	55-59	-0.33286554751708053
2110	60-64	-0.4709293733422655
2110	65-69	-0.6395139008745687
2110	70-74	-0.3372349335840852
2110	75-79	-0.3990163132026545
2110	80-84	-0.3295176526357899
2110	85-89	-0.38760647698514816
2110	90-94	-0.44753136841676167
2110	95-99	-0.3043143050555521
2110	100-104	-0.06808760011458048
2110	105-109	-0.3128868924861692
2110	110-114	-0.1406274500219169
2110	115-119	0.05978610349424329
2110	120-124	0.11376006488311319
2110	125-129	0.1588538785821605
2110	130-134	-0.011134560059133491
2110	135-139	-0.046653526228073616
2110	140-144	-0.1705313224492464
2110	145-149	-4.576410242194129E-4
2110	150-154	-0.1644245492615788
2110	155-159	-0.345657626593475
2110	160-164	-0.10938201697066319
2110	165-169	-0.1143310600073022
2110	170-174	-0.08335462549846895
2110	175-179	-0.13668327305419226
2110	180-184	0.2616482044086297
2110	185-189	-0.10058512456919999
2110	190-194	-0.22969071140575892
2110	195-199	-0.21423104765658252
2110	200-204	0.08788888524447813
2110	205-209	0.011794570369485058
2110	210-214	-0.23948264012669185
2110	215-219	-0.15113423282139493
2110	220-224	-0.235777201106945
2110	225-229	-0.1912051996951334
2110	230-234	-0.11417466091683082
2110	235-239	-0.09776155978775591
2110	240-244	-0.16612786110659528
2110	245-249	-0.13754015191668145
2110	250-251	-0.21734290866276673
2111	1	0.05439789998832012
2111	2	0.04053300784462266
2111	3	-0.06755579424589442
2111	4	-0.047928292228274216
2111	5	0.08313456576817657
2111	6	0.2967195017449562
2111	7	0.11803677793534462
2111	8	0.016011605295652487
2111	9	-0.14972825707378945
2111	10-14	-0.17606855199048965
2111	15-19	-0.22697882636294509
2111	20-24	-0.2156639289473432
2111	25-29	-0.20160833543422285
2111	30-34	-0.14032590649514987
2111	35-39	-0.17294868166916189
2111	40-44	-0.05167373473388892
2111	45-49	-0.15433951493108822
2111	50-54	-0.16047945119083096
2111	55-59	-0.12559692543575096
2111	60-64	-0.2707131988120537
2111	65-69	-0.1592515182466343
2111	70-74	-0.03200327131001757
2111	75-79	-0.07767272918152202
2111	80-84	-0.22521714541028715
2111	85-89	-0.31672139911444575
2111	90-94	-0.37402109566011177
2111	95-99	-0.37189067242372076
2111	100-104	-0.3323765847436775
2111	105-109	-0.3130065380949745
2111	110-114	-0.2420936509830547
2111	115-119	-0.47243976232573814
2111	120-124	-0.46791939071350086
2111	125-129	-0.37997677903157623
2111	130-134	-0.5014753702390813
2111	135-139	-0.5455258379203904
2111	140-144	-0.41589924192414074
2111	145-149	-0.295954544837187
2111	150-154	-0.30331854562309957
2111	155-159	-0.3485415103526357
2111	160-164	-0.23769365441020796
2111	165-169	-0.29265136867893204
2111	170-174	-0.5642969529103077
2111	175-179	-0.5614903312418171
2111	180-184	-0.5801142893647047
2111	185-189	-0.5417587001989368
2111	190-194	-0.8507970715278219
2111	195-199	-0.5262348880856358
2111	200-204	-0.21909056548240713
2111	205-209	-0.2855840529674758
2111	210-214	-0.4121900001576755
2111	215-219	-0.27082134338296626
2111	220-224	-0.3921682253129717
2111	225-229	-0.5297656780981086
2111	230-234	-0.49551793571121294
2111	235-239	-0.5753288971411408
2111	240-244	-0.5350462727844612
2111	245-249	-0.4926499686160781
2111	250-251	-0.35884111804267427
2112	1	-0.12217586854621842
2112	2	-0.2934684197941593
2112	3	-0.31413085832452126
2112	4	-0.18170655604677677
2112	5	-0.4141308200880367
2112	6	0.0029110593699925857
2112	7	-0.1555129112610878
2112	8	-0.03348325952321218
2112	9	-0.3414713227375543
2112	10-14	-0.3487158058180597
2112	15-19	-0.40946967499512965
2112	20-24	-0.3264828652294369
2112	25-29	-0.4184115422868828
2112	30-34	-0.3441381084882593
2112	35-39	-0.5759750472615437
2112	40-44	-0.45962952362163634
2112	45-49	-0.7215361354269589
2112	50-54	-0.5918372403377816
2112	55-59	-0.7140613191799545
2112	60-64	-0.7274455467670293
2112	65-69	-0.8568012404131835
2112	70-74	-1.0177757867740809
2112	75-79	-0.9720977795885624
2112	80-84	-1.2115050785806858
2112	85-89	-1.1782364594478132
2112	90-94	-1.062093925821685
2112	95-99	-1.226090973680467
2112	100-104	-1.3746760563739606
2112	105-109	-1.2701383382287865
2112	110-114	-1.4607997133174955
2112	115-119	-1.4499140361855183
2112	120-124	-1.1413663684384971
2112	125-129	-1.3511932812215477
2112	130-134	-1.4028816468763239
2112	135-139	-1.4609234686932773
2112	140-144	-1.1846846467562813
2112	145-149	-1.136932424573537
2112	150-154	-1.319231321569152
2112	155-159	-1.3004092835628853
2112	160-164	-1.0338989957193263
2112	165-169	-1.1071457949970984
2112	170-174	-0.9577625796901366
2112	175-179	-1.02277293921599
2112	180-184	-1.0838565277836452
2112	185-189	-1.2948529982247905
2112	190-194	-1.1913759693712507
2112	195-199	-1.1231829228559533
2112	200-204	-1.1032452138207383
2112	205-209	-1.3420328895766076
2112	210-214	-1.1440249545436636
2112	215-219	-1.1320886415576084
2112	220-224	-0.7558363912106962
2112	225-229	-0.6962657077713317
2112	230-234	-0.9222506928515131
2112	235-239	-0.9111513290362847
2112	240-244	-1.166713450809274
2112	245-249	-0.9824525160554831
2112	250-251	-0.6382960816407568
2113	1	-0.32586168898703605
2113	2	-0.4459274496704282
2113	3	-0.4367653652745851
2113	4	-0.7059565651280231
2113	5	-0.43332377496075836
2113	6	0.012670142500056158
2113	7	-0.14376726289101782
2113	8	-0.32671118644283226
2113	9	-0.36671855535656306
2113	10-14	-0.4622693416437471
2113	15-19	-0.6706332669463322
2113	20-24	-0.6447822941047789
2113	25-29	-0.7766218447369013
2113	30-34	-0.5859129333573065
2113	35-39	-0.9521093812552621
2113	40-44	-0.861863903613937
2113	45-49	-1.2333068343660898
2113	50-54	-0.9726475695065275
2113	55-59	-0.9977766156002801
2113	60-64	-0.9865200104501568
2113	65-69	-1.4409668342997648
2113	70-74	-1.4599188995748804
2113	75-79	-1.4041956713760158
2113	80-84	-1.683698885777762
2113	85-89	-2.088715247922174
2113	90-94	-1.835975601972308
2113	95-99	-1.775978027232025
2113	100-104	-1.6881692719708
2113	105-109	-1.4837783573162362
2113	110-114	-1.5055321842509173
2113	115-119	-1.8906029918844105
2113	120-124	-1.7425557487679129
2113	125-129	-1.7413382783669853
2113	130-134	-1.617907923634288
2113	135-139	-1.7128842027496844
2113	140-144	-1.8054365499538356
2113	145-149	-1.8839439610062207
2113	150-154	-1.6407613972575952
2113	155-159	-1.6664875214801995
2113	160-164	-1.4123171689400458
2113	165-169	-1.512870878358921
2113	170-174	-1.838754640274523
2113	175-179	-2.0869611924903104
2113	180-184	-1.7700522806046521
2113	185-189	-1.9310673101908975
2113	190-194	-1.859910922040772
2113	195-199	-1.6939544165712306
2113	200-204	-1.4619880825651421
2113	205-209	-1.6752927092000114
2113	210-214	-1.618164211095067
2113	215-219	-1.5914274894956009
2113	220-224	-1.6582971307597898
2113	225-229	-1.5948122067116834
2113	230-234	-1.522068616166747
2113	235-239	-1.201013788961241
2113	240-244	-1.3154551115537334
2113	245-249	-1.4533929436657758
2113	250-251	-1.1266541080310386
2114	1	-0.44759750639084217
2114	2	-0.5172430768610745
2114	3	-0.6086081408717057
2114	4	-0.7519851068899079
2114	5	-0.45239064472626467
2114	6	-0.10983896645273106
2114	7	-0.7141014046541088
2114	8	-0.5948562429864843
2114	9	-0.7942542852662271
2114	10-14	-1.0411282885968518
2114	15-19	-0.9160116263785767
2114	20-24	-1.0899110467712063
2114	25-29	-1.368227000716665
2114	30-34	-1.228249930350728
2114	35-39	-1.592989678200226
2114	40-44	-1.4294437913587785
2114	45-49	-1.4845689448030157
2114	50-54	-1.426833391810149
2114	55-59	-1.5926653196568594
2114	60-64	-1.5565223110870647
2114	65-69	-1.7181797370563672
2114	70-74	-1.488601462678286
2114	75-79	-1.6398550872224327
2114	80-84	-1.8609899613358678
2114	85-89	-2.087211111325722
2114	90-94	-2.1701823760540826
2114	95-99	-2.0313006425006783
2114	100-104	-2.1410577487460216
2114	105-109	-2.1055532013897498
2114	110-114	-2.2927498903654318
2114	115-119	-2.483359308927451
2114	120-124	-2.204330126363825
2114	125-129	-2.2402977957734684
2114	130-134	-2.606862567180226
2114	135-139	-2.5404148872223686
2114	140-144	-2.400364079415077
2114	145-149	-2.4106757944183066
2114	150-154	-2.2775659411197324
2114	155-159	-2.5343920498242305
2114	160-164	-2.232755789237533
2114	165-169	-2.342015169928896
2114	170-174	-2.121019291584723
2114	175-179	-2.656383722586199
2114	180-184	-2.5235695712825965
2114	185-189	-2.6547167431413463
2114	190-194	-2.349200422702978
2114	195-199	-2.4925344462306427
2114	200-204	-2.274901441123596
2114	205-209	-2.30192961089654
2114	210-214	-2.208498188061835
2114	215-219	-1.9451816573477068
2114	220-224	-1.904198841623895
2114	225-229	-1.906098757752762
2114	230-234	-1.6522869994025164
2114	235-239	-1.6224405029557083
2114	240-244	-1.459947186555766
2114	245-249	-1.7789781804623495
2114	250-251	-1.359317360903317
>>END_MODULE
>>Per sequence quality scores	pass
#Quality	Count
6	2.0
7	10.0
8	28.0
9	85.0
10	266.0
11	735.0
12	1694.0
13	3083.0
14	4459.0
15	6106.0
16	7962.0
17	9843.0
18	11623.0
19	14147.0
20	16651.0
21	18832.0
22	21896.0
23	24491.0
24	27532.0
25	30015.0
26	32504.0
27	34579.0
28	35857.0
29	36471.0
30	36260.0
31	34190.0
32	30004.0
33	24911.0
34	18059.0
35	12033.0
36	6846.0
37	2573.0
38	63.0
>>END_MODULE
>>Per base sequence content	fail
#Base	G	A	T	C
1	49.662336630516826	15.176975330711477	8.457871529019187	26.702816509752513
2	22.95604600658258	14.463805746455611	30.650079205326406	31.9300690416354
3	27.193419493401034	16.846073073953285	21.12205259720797	34.83845483543771
4	21.48085954402722	13.252627024108676	24.222015791918253	41.04449763994585
5	23.461423949504773	25.508425795438754	25.604295270042275	25.42585498501419
6	40.99640737579643	23.09422202814553	14.038625672376492	21.870744923681546
7	36.36648736626903	20.914829002997163	14.863341338996843	27.85534229173696
8	31.542843532284	26.779936880967032	14.797840455727357	26.879379131021615
9	27.546947355049234	12.846535095641404	15.521556780446558	44.0849607688628
10-14	32.54986119728802	15.60267133193042	18.626676876893328	33.22079059388823
15-19	32.98194271704408	18.203767389071785	16.78854515551367	32.02574473837046
20-24	32.352406405223775	17.66585521551888	17.67522422094338	32.30651415831396
25-29	32.66737513283741	17.527148489874563	17.459016556258504	32.346459821029526
30-34	32.597935734407685	17.631851168056915	17.39455047241484	32.37566262512056
35-39	32.45135041620102	17.669314073679313	17.574421037141914	32.30491447297776
40-44	32.62704248560935	17.594722183783542	17.426400533157736	32.35183479744937
45-49	32.59995371058938	17.524518673641364	17.506146072518487	32.369381543250775
50-54	32.53646392017242	17.620496613815792	17.509647092538454	32.33339237347333
55-59	32.66229191416861	17.46712264772755	17.40503392577152	32.46555151233232
60-64	32.692727704612516	17.499095287363836	17.413605921523555	32.39457108650009
65-69	32.6256254078747	17.504674967519705	17.39435172120629	32.4753479033993
70-74	32.83867619248916	17.385491753072845	17.304742547479616	32.47108950695838
75-79	32.84704243775216	17.352841469674413	17.271208881881403	32.52890721069203
80-84	32.78175633461715	17.44911914311318	17.25324420369873	32.515880318570936
85-89	32.93000975142875	17.352693506542437	17.135580931447816	32.581715810581
90-94	32.959044978447366	17.302497776475008	17.11939576335671	32.61906148172092
95-99	33.00023453695445	17.301062979407817	17.073525927195384	32.62517655644234
100-104	33.14330529374199	17.243844394589708	16.949866404814994	32.66298390685331
105-109	33.215662712955385	17.191447174773014	16.838192721591664	32.75469739067994
110-114	33.21821228262306	17.196093801296826	16.856648149484162	32.72904576659595
115-119	33.36470513622138	17.14298956071074	16.62191949900518	32.87038580406269
120-124	33.44792104663213	17.003082000294455	16.574244722324295	32.97475223074912
125-129	33.24308869176243	17.09627018377897	16.76200752438918	32.898633600069424
130-134	33.447792036140186	17.00256288858421	16.57082548356233	32.97881959171327
135-139	33.5568617176008	16.907930705100565	16.50620679126325	33.02900078603539
140-144	33.61672639748127	16.936029002552072	16.39845167112194	33.04879292884472
145-149	33.82305197849694	16.80664879329753	16.21581072177099	33.15448850643454
150-154	33.93226148930612	16.722876797663623	16.081470081920543	33.26339163110971
155-159	33.97975947371768	16.674113713670376	15.966903947412197	33.37922286519975
160-164	34.27057369027583	16.536005414915344	15.777001783073644	33.41641911173519
165-169	34.38806816023776	16.42881254739692	15.622878207680552	33.56024108468477
170-174	34.50199572767401	16.42625169961099	15.459309401779878	33.61244317093513
175-179	34.08448594440798	16.57608272131085	15.91889093040694	33.42054040387423
180-184	34.20277207504194	16.489330369122758	15.761426137268547	33.546471418566746
185-189	34.32742480454643	16.42659965401459	15.644521134352967	33.60145440708601
190-194	34.49337108564611	16.29942748261524	15.498214778605835	33.70898665313282
195-199	34.716531621744664	16.07362962243203	15.291385735441509	33.9184530203818
200-204	34.82963882302201	16.072075252634622	15.151116724202879	33.947169200140486
205-209	35.091172690180066	15.902277502712625	14.871388028066141	34.13516177904117
210-214	35.231830586626685	15.761888307408212	14.684244846093398	34.3220362598717
215-219	35.39272478597128	15.681731123994483	14.545587001529867	34.37995708850437
220-224	35.76535577335602	15.427832692964442	14.29752372726088	34.509287806418655
225-229	36.01906632286354	15.250599799560652	13.980282900036297	34.750050977539516
230-234	36.138872039809556	15.137044518879089	13.85655793593266	34.8675255053787
235-239	36.45326676063608	14.959153084115862	13.620585257390164	34.966994897857894
240-244	36.735265351100296	14.714553792938812	13.26136028260066	35.28882057336023
245-249	37.52209560493296	14.916715855927427	12.44032010735655	35.12086843178307
250-251	48.75500039390411	18.365560525555622	10.998678232858605	21.880760847681653
>>END_MODULE
>>Per sequence GC content	pass
#GC Content	Count
0	0.0
1	0.0
2	0.0
3	0.0
4	0.0
5	0.0
6	0.0
7	0.0
8	0.0
9	0.0
10	0.0
11	0.0
12	0.0
13	0.0
14	0.0
15	0.0
16	1.0
17	1.0
18	1.6666666666666665
19	3.0
20	3.0
21	5.999999999999998
22	8.999999999999998
23	5.833333333333332
24	6.999999999999998
25	9.166666666666666
26	7.666666666666663
27	8.999999999999998
28	8.499999999999998
29	9.333333333333332
30	10.833333333333334
31	11.500000000000002
32	8.33333333333333
33	9.166666666666666
34	13.000000000000007
35	13.33333333333334
36	13.666666666666671
37	13.66666666666667
38	17.666666666666668
39	19.999999999999996
40	29.166666666666647
41	33.16666666666665
42	43.33333333333336
43	58.16666666666673
44	81.49999999999994
45	110.33333333333313
46	140.1666666666665
47	193.16666666666723
48	262.0000000000014
49	366.99999999999784
50	481.83333333332774
51	651.8333333333354
52	901.6666666666846
53	1230.833333333333
54	1694.1666666666042
55	2301.166666666623
56	3261.500000000238
57	4656.16666666682
58	6315.33333333241
59	8575.833333331679
60	11232.500000001934
61	14099.333333339353
62	17278.33333334004
63	20031.166666665264
64	22036.833333326165
65	23181.99999998945
66	23087.166666656383
67	21941.8333333263
68	20033.83333333187
69	17432.333333339553
70	14506.833333340213
71	11712.333333336197
72	9215.166666665904
73	7071.333333331762
74	5390.999999999606
75	4016.5000000005716
76	2920.833333333514
77	2163.1666666665587
78	1621.4999999999218
79	1235.1666666666622
80	924.50000000003
81	708.5000000000097
82	546.3333333333264
83	406.66666666666134
84	305.33333333333337
85	229.1666666666687
86	159.3333333333335
87	126.83333333333269
88	106.83333333333292
89	86.83333333333319
90	68.83333333333344
91	45.33333333333338
92	31.999999999999954
93	23.333333333333318
94	18.500000000000004
95	12.16666666666667
96	3.666666666666667
97	1.9999999999999998
98	1.0
99	0.0
100	0.0
>>END_MODULE
>>Per base N content	pass
#Base	N-Count
1	0.06947063377066752
2	0.011115301403306802
3	0.0037712629761219507
4	0.0015879002004724001
5	0.0
6	0.0
7	0.0
8	0.0
9	1.9848752505905002E-4
10-14	2.7788253508267003E-4
15-19	4.366725551299101E-4
20-24	0.0042079355312518605
25-29	0.07443282189714376
30-34	0.1459280284234136
35-39	0.13368941478511193
40-44	0.06977712645395505
45-49	0.03168468294048169
50-54	0.06054248773935067
55-59	0.049956651160865194
60-64	0.04609119204092356
65-69	0.10159842067886725
70-74	0.10222034891425305
75-79	0.04719029917690688
80-84	0.03324845840781895
85-89	0.028568772608597397
90-94	0.04226423939621139
95-99	0.040253342716396905
100-104	0.1052242150297739
105-109	0.08548099623334211
110-114	0.05646806435252923
115-119	0.06865910793536781
120-124	0.06594399976850314
125-129	0.07681399438088043
130-134	0.08573962747610131
135-139	0.052951969182283856
140-144	0.09110973647782769
145-149	0.07945428068265718
150-154	0.003976973740670334
155-159	0.020715484192864526
160-164	0.04465225678182628
165-169	0.07760985525761994
170-174	0.004723900877099559
175-179	0.03380061273889265
180-184	0.005453966342482907
185-189	0.045561576139996854
190-194	0.18636570870959746
195-199	0.22594275219277576
200-204	0.2742639676128055
205-209	0.12910199332743644
210-214	0.08190677106802254
215-219	0.06495952594106766
220-224	9.988323174574484E-4
225-229	0.025397957560832206
230-234	0.056128455514901636
235-239	0.1534240927363405
240-244	0.057532562776180206
245-249	0.031007310448039813
250-251	0.13531965334391646
>>END_MODULE
>>Sequence Length Distribution	warn
#Length	Count
35-39	414.0
40-44	217.0
45-49	258.0
50-54	343.0
55-59	348.0
60-64	459.0
65-69	483.0
70-74	543.0
75-79	604.0
80-84	689.0
85-89	790.0
90-94	919.0
95-99	1028.0
100-104	1135.0
105-109	1285.0
110-114	1416.0
115-119	1498.0
120-124	1697.0
125-129	1813.0
130-134	2054.0
135-139	2153.0
140-144	2414.0
145-149	2448.0
150-154	2655.0
155-159	2863.0
160-164	2971.0
165-169	3275.0
170-174	3484.0
175-179	3614.0
180-184	3981.0
185-189	4170.0
190-194	4351.0
195-199	4693.0
200-204	4850.0
205-209	4930.0
210-214	5046.0
215-219	5280.0
220-224	5400.0
225-229	5571.0
230-234	5735.0
235-239	5935.0
240-244	9891.0
245-249	37478.0
250-252	352629.0
>>END_MODULE
>>Sequence Duplication Levels	pass
#Total Deduplicated Percentage	88.75078635706075
#Duplication Level	Percentage of total
1	79.78904580394051
2	14.786710533548892
3	3.5276344003990343
4	1.0219936374543845
5	0.3921390800610931
6	0.16126062723924567
7	0.08883198940438101
8	0.041642939875519216
9	0.040987798387745696
>10	0.14975318968921597
>50	0.0
>100	0.0
>500	0.0
>1k	0.0
>5k	0.0
>10k+	0.0
>>END_MODULE
>>Overrepresented sequences	pass
>>END_MODULE
>>Adapter Content	pass
#Position	Illumina Universal Adapter	Illumina Small RNA 3' Adapter	Illumina Small RNA 5' Adapter	Nextera Transposase Sequence	PolyA	PolyG
1	0.0	0.0	0.0	0.0	0.0	5.954625751771501E-4
2	0.0	0.0	0.0	0.0	0.0	5.954625751771501E-4
3	0.0	0.0	0.0	0.0	0.0	5.954625751771501E-4
4	0.0	0.0	0.0	0.0	0.0	5.954625751771501E-4
5	0.0	0.0	0.0	0.0	0.0	5.954625751771501E-4
6	0.0	0.0	0.0	0.0	0.0	7.939501002362002E-4
7	0.0	0.0	0.0	0.0	0.0	7.939501002362002E-4
8	0.0	0.0	0.0	0.0	0.0	7.939501002362002E-4
9	0.0	0.0	0.0	0.0	0.0	7.939501002362002E-4
10-14	0.0	3.969750501181001E-5	0.0	0.0	0.0	9.924376252952501E-4
15-19	0.0	3.1758004009448007E-4	3.9697505011810003E-4	0.0	7.939501002362002E-5	9.924376252952501E-4
20-24	0.0	3.9697505011810003E-4	3.9697505011810003E-4	3.969750501181001E-5	1.9848752505905002E-4	0.00107183263531887
25-29	0.0	3.9697505011810003E-4	5.954625751771501E-4	1.9848752505905002E-4	1.9848752505905002E-4	0.0017466902205196405
30-34	0.0	3.9697505011810003E-4	5.954625751771501E-4	1.9848752505905002E-4	1.9848752505905002E-4	0.0030964053909211804
35-39	0.0	3.9697505011810003E-4	7.939501002362001E-4	1.9848752505905002E-4	1.9848752505905002E-4	0.004843095611440821
40-44	0.0	3.9697505011810003E-4	9.130426152716302E-4	1.9848752505905002E-4	1.9848752505905002E-4	0.00623250828685417
45-49	0.0	3.9697505011810003E-4	0.00115122764534249	1.9848752505905002E-4	2.7788253508267003E-4	0.010281653798058791
50-54	0.0	3.9697505011810003E-4	0.0015085051904487805	1.9848752505905002E-4	4.763700601417201E-4	0.016395069569877532
55-59	0.0	3.9697505011810003E-4	0.0017863877255314506	1.9848752505905002E-4	7.939501002362001E-4	0.026517933347889083
60-64	0.0	3.9697505011810003E-4	0.0018260852305432603	1.9848752505905002E-4	0.00127032016037792	0.03771262976121951
65-69	0.0	3.9697505011810003E-4	0.0020245727556023104	1.9848752505905002E-4	0.002024572755602311	0.04910581369960898
70-74	0.0	3.9697505011810003E-4	0.0021833627756495506	1.9848752505905002E-4	0.0021833627756495506	0.06208689783847086
75-79	0.0	3.9697505011810003E-4	0.0021833627756495506	1.9848752505905002E-4	0.0023421527956967907	0.07649709215775788
80-84	0.0	4.366725551299101E-4	0.0022627577856731704	1.9848752505905002E-4	0.0030170103808975605	0.09352732180782437
85-89	0.0	5.954625751771501E-4	0.0024612453107322207	1.9848752505905002E-4	0.004287330541275481	0.11297909926361127
90-94	0.0	5.954625751771501E-4	0.0025803378257676507	1.9848752505905002E-4	0.004922490621464441	0.13624183720053193
95-99	0.0	7.145550902125802E-4	0.0025803378257676507	1.9848752505905002E-4	0.005041583136499871	0.1634743256386336
100-104	0.0	9.924376252952501E-4	0.0027391278458148904	1.9848752505905002E-4	0.00559734820666521	0.19300926936742027
105-109	0.0	9.924376252952501E-4	0.0027788253508267005	1.9848752505905002E-4	0.0061531132768305515	0.22226633056112424
110-114	0.0	9.924376252952501E-4	0.0027788253508267005	1.9848752505905002E-4	0.006708878346995892	0.2595422877672139
115-119	0.0	9.924376252952501E-4	0.0027788253508267005	1.9848752505905002E-4	0.0073440384271848515	0.29816796014370495
120-124	0.0	9.924376252952501E-4	0.0027788253508267005	1.9848752505905002E-4	0.007423433437208473	0.3334590420992041
125-129	0.0	9.924376252952501E-4	0.0027788253508267005	1.9848752505905002E-4	0.007542525952243901	0.3682340564895496
130-134	0.0	9.924376252952501E-4	0.0027788253508267005	1.9848752505905002E-4	0.007621920962267522	0.4080903515214069
135-139	0.0	9.924376252952501E-4	0.0027788253508267005	1.9848752505905002E-4	0.00813798852742105	0.4478672515432405
140-144	0.0	0.00115122764534249	0.0027788253508267005	1.9848752505905002E-4	0.008931938627657251	0.49606002262757787
145-149	0.0	0.0011909251503543002	0.0028185228558385107	1.9848752505905002E-4	0.010043468767987932	0.5442527937119153
150-154	0.0	0.0011909251503543002	0.0029773128758857504	1.9848752505905002E-4	0.011154998908318612	0.6002262757785672
155-159	0.0	0.0013894126754133503	0.0029773128758857504	1.9848752505905002E-4	0.012465016573708344	0.6639804688275341
160-164	0.0	0.0013894126754133503	0.0029773128758857504	1.9848752505905002E-4	0.013775034239098071	0.7328159425180127
165-169	1.9848752505905002E-4	0.0013894126754133503	0.0029773128758857504	1.9848752505905002E-4	0.015204144419523233	0.7963319505369088
170-174	1.9848752505905002E-4	0.0013894126754133503	0.0029773128758857504	1.9848752505905002E-4	0.016712649609972017	0.8577042932851671
175-179	1.9848752505905002E-4	0.0015879002004724001	0.003215497905956611	3.1758004009448007E-4	0.019134197415692424	0.915146583037256
180-184	1.9848752505905002E-4	0.0017863877255314506	0.0035727754510629013	3.9697505011810003E-4	0.021317560191341973	0.9769159008356325
185-189	1.9848752505905002E-4	0.0019848752505905003	0.0035727754510629013	3.9697505011810003E-4	0.024255175562215913	1.0393600762192097
190-194	1.9848752505905002E-4	0.0019848752505905003	0.0035727754510629013	3.9697505011810003E-4	0.026954605903018992	1.108036759889641
195-199	1.9848752505905002E-4	0.0019848752505905003	0.003890355491157381	3.9697505011810003E-4	0.030051011293940177	1.1802068240011114
200-204	1.9848752505905002E-4	0.0019848752505905003	0.0039697505011810005	3.9697505011810003E-4	0.03354439173497946	1.2565054286338104
205-209	1.9848752505905002E-4	0.0019848752505905003	0.00408884301621643	3.9697505011810003E-4	0.037950814791290366	1.3430459895595561
210-214	1.9848752505905002E-4	0.0019848752505905003	0.00416823802624005	3.9697505011810003E-4	0.04386574303805006	1.4430440046843056
215-219	1.9848752505905002E-4	0.0019848752505905003	0.0042476330362636715	3.9697505011810003E-4	0.04926460371965622	1.5441932474543973
220-224	1.9848752505905002E-4	0.0019848752505905003	0.004366725551299101	3.9697505011810003E-4	0.05656894464182925	1.6559814215676547
225-229	1.9848752505905002E-4	0.0019848752505905003	0.004366725551299101	3.9697505011810003E-4	0.06486572318929755	1.7865465155514975
230-234	1.9848752505905002E-4	0.0019848752505905003	0.00472400309640539	5.954625751771501E-4	0.07153490403128163	1.922113495166829
235-239	1.9848752505905002E-4	0.0019848752505905003	0.004962188126476251	5.954625751771501E-4	0.07903773247851373	2.0626426629086363
240	1.9848752505905004E-4	0.0019848752505905003	0.004962188126476251	5.954625751771501E-4	0.08475417320021436	2.1516047716401023
>>END_MODULE
>>Kmer Content	warn
#Sequence	Count	PValue	Obs/Exp Max	Max Obs/Exp Position
GAGTATA	30	3.1376802E-4	114.60001	1
ATCTAAT	35	5.7927135E-4	98.22858	1
TCGTATA	75	1.553776E-4	61.095737	2
GTGTAAT	70	0.009045059	49.11429	1
TCACTAG	70	0.009045059	49.11429	1
TATGGGT	120	0.001576912	38.184834	2
TATACCA	120	0.0015792211	38.173466	5
GATATAC	140	0.0033527254	32.74286	1
TACTCCT	140	0.0033641607	32.72011	4
ATAGGAC	155	0.0055330032	29.556583	3
CAGTACT	310	2.753186E-7	29.55365	4
TCCAGTA	280	4.156276E-6	28.638624	2
GTCTCAG	205	6.3886977E-4	27.951221	1
GTCATAT	165	0.0074870624	27.78182	1
GTGCATA	175	0.009975549	26.194288	1
GTCTGTG	225	0.0011003059	25.466671	1
TATACCG	225	0.0011047759	25.448978	5
CTCACAC	230	0.0012536425	24.903154	2
GTGTATG	250	0.002032231	22.92	1
AGGACAG	300	2.185026E-4	22.904081	5
>>END_MODULE
